{
 "cells": [
  {
   "cell_type": "code",
   "execution_count": 1,
   "metadata": {},
   "outputs": [],
   "source": [
    "import pandas as pd\n",
    "import numpy as np\n",
    "from sklearn.model_selection import train_test_split\n",
    "from sklearn.naive_bayes import MultinomialNB\n",
    "from sklearn.neighbors import KNeighborsClassifier\n",
    "from sklearn.decomposition import PCA"
   ]
  },
  {
   "cell_type": "code",
   "execution_count": 2,
   "metadata": {},
   "outputs": [],
   "source": [
    "df = pd.read_csv(\"heart/input/heart.csv\")\n",
    "N = len(df)\n",
    "train, test = train_test_split(df, test_size=0.2)\n",
    "\n",
    "test_y = test.pop(\"target\")\n",
    "train_y = train.pop(\"target\")"
   ]
  },
  {
   "cell_type": "code",
   "execution_count": 8,
   "metadata": {},
   "outputs": [
    {
     "data": {
      "text/html": [
       "<div>\n",
       "<style scoped>\n",
       "    .dataframe tbody tr th:only-of-type {\n",
       "        vertical-align: middle;\n",
       "    }\n",
       "\n",
       "    .dataframe tbody tr th {\n",
       "        vertical-align: top;\n",
       "    }\n",
       "\n",
       "    .dataframe thead th {\n",
       "        text-align: right;\n",
       "    }\n",
       "</style>\n",
       "<table border=\"1\" class=\"dataframe\">\n",
       "  <thead>\n",
       "    <tr style=\"text-align: right;\">\n",
       "      <th></th>\n",
       "      <th>age</th>\n",
       "      <th>sex</th>\n",
       "      <th>cp</th>\n",
       "      <th>trestbps</th>\n",
       "      <th>chol</th>\n",
       "      <th>fbs</th>\n",
       "      <th>restecg</th>\n",
       "      <th>thalach</th>\n",
       "      <th>exang</th>\n",
       "      <th>oldpeak</th>\n",
       "      <th>slope</th>\n",
       "      <th>ca</th>\n",
       "      <th>thal</th>\n",
       "    </tr>\n",
       "  </thead>\n",
       "  <tbody>\n",
       "    <tr>\n",
       "      <th>age</th>\n",
       "      <td>1.000000</td>\n",
       "      <td>-0.090735</td>\n",
       "      <td>-0.048231</td>\n",
       "      <td>0.259415</td>\n",
       "      <td>0.223702</td>\n",
       "      <td>0.114791</td>\n",
       "      <td>-0.190592</td>\n",
       "      <td>-0.385695</td>\n",
       "      <td>0.120007</td>\n",
       "      <td>0.201417</td>\n",
       "      <td>-0.172787</td>\n",
       "      <td>0.281876</td>\n",
       "      <td>0.022636</td>\n",
       "    </tr>\n",
       "    <tr>\n",
       "      <th>sex</th>\n",
       "      <td>-0.090735</td>\n",
       "      <td>1.000000</td>\n",
       "      <td>-0.043990</td>\n",
       "      <td>-0.045832</td>\n",
       "      <td>-0.160064</td>\n",
       "      <td>0.126693</td>\n",
       "      <td>-0.054216</td>\n",
       "      <td>-0.066805</td>\n",
       "      <td>0.150150</td>\n",
       "      <td>0.076184</td>\n",
       "      <td>-0.017185</td>\n",
       "      <td>0.122036</td>\n",
       "      <td>0.187901</td>\n",
       "    </tr>\n",
       "    <tr>\n",
       "      <th>cp</th>\n",
       "      <td>-0.048231</td>\n",
       "      <td>-0.043990</td>\n",
       "      <td>1.000000</td>\n",
       "      <td>0.061022</td>\n",
       "      <td>-0.031860</td>\n",
       "      <td>0.131260</td>\n",
       "      <td>0.069756</td>\n",
       "      <td>0.269898</td>\n",
       "      <td>-0.353650</td>\n",
       "      <td>-0.074369</td>\n",
       "      <td>0.063440</td>\n",
       "      <td>-0.199414</td>\n",
       "      <td>-0.134143</td>\n",
       "    </tr>\n",
       "    <tr>\n",
       "      <th>trestbps</th>\n",
       "      <td>0.259415</td>\n",
       "      <td>-0.045832</td>\n",
       "      <td>0.061022</td>\n",
       "      <td>1.000000</td>\n",
       "      <td>0.110006</td>\n",
       "      <td>0.135483</td>\n",
       "      <td>-0.124200</td>\n",
       "      <td>-0.029285</td>\n",
       "      <td>0.078076</td>\n",
       "      <td>0.160412</td>\n",
       "      <td>-0.108051</td>\n",
       "      <td>0.077402</td>\n",
       "      <td>0.008513</td>\n",
       "    </tr>\n",
       "    <tr>\n",
       "      <th>chol</th>\n",
       "      <td>0.223702</td>\n",
       "      <td>-0.160064</td>\n",
       "      <td>-0.031860</td>\n",
       "      <td>0.110006</td>\n",
       "      <td>1.000000</td>\n",
       "      <td>-0.006783</td>\n",
       "      <td>-0.167585</td>\n",
       "      <td>0.008525</td>\n",
       "      <td>0.041301</td>\n",
       "      <td>0.038462</td>\n",
       "      <td>-0.011145</td>\n",
       "      <td>0.094042</td>\n",
       "      <td>0.089002</td>\n",
       "    </tr>\n",
       "    <tr>\n",
       "      <th>fbs</th>\n",
       "      <td>0.114791</td>\n",
       "      <td>0.126693</td>\n",
       "      <td>0.131260</td>\n",
       "      <td>0.135483</td>\n",
       "      <td>-0.006783</td>\n",
       "      <td>1.000000</td>\n",
       "      <td>-0.111671</td>\n",
       "      <td>0.016828</td>\n",
       "      <td>-0.006125</td>\n",
       "      <td>-0.069855</td>\n",
       "      <td>-0.080327</td>\n",
       "      <td>0.124839</td>\n",
       "      <td>-0.094289</td>\n",
       "    </tr>\n",
       "    <tr>\n",
       "      <th>restecg</th>\n",
       "      <td>-0.190592</td>\n",
       "      <td>-0.054216</td>\n",
       "      <td>0.069756</td>\n",
       "      <td>-0.124200</td>\n",
       "      <td>-0.167585</td>\n",
       "      <td>-0.111671</td>\n",
       "      <td>1.000000</td>\n",
       "      <td>0.094328</td>\n",
       "      <td>-0.043106</td>\n",
       "      <td>-0.033859</td>\n",
       "      <td>0.080450</td>\n",
       "      <td>-0.101146</td>\n",
       "      <td>0.019316</td>\n",
       "    </tr>\n",
       "    <tr>\n",
       "      <th>thalach</th>\n",
       "      <td>-0.385695</td>\n",
       "      <td>-0.066805</td>\n",
       "      <td>0.269898</td>\n",
       "      <td>-0.029285</td>\n",
       "      <td>0.008525</td>\n",
       "      <td>0.016828</td>\n",
       "      <td>0.094328</td>\n",
       "      <td>1.000000</td>\n",
       "      <td>-0.391052</td>\n",
       "      <td>-0.315468</td>\n",
       "      <td>0.393367</td>\n",
       "      <td>-0.231885</td>\n",
       "      <td>-0.077078</td>\n",
       "    </tr>\n",
       "    <tr>\n",
       "      <th>exang</th>\n",
       "      <td>0.120007</td>\n",
       "      <td>0.150150</td>\n",
       "      <td>-0.353650</td>\n",
       "      <td>0.078076</td>\n",
       "      <td>0.041301</td>\n",
       "      <td>-0.006125</td>\n",
       "      <td>-0.043106</td>\n",
       "      <td>-0.391052</td>\n",
       "      <td>1.000000</td>\n",
       "      <td>0.232045</td>\n",
       "      <td>-0.225611</td>\n",
       "      <td>0.112578</td>\n",
       "      <td>0.178249</td>\n",
       "    </tr>\n",
       "    <tr>\n",
       "      <th>oldpeak</th>\n",
       "      <td>0.201417</td>\n",
       "      <td>0.076184</td>\n",
       "      <td>-0.074369</td>\n",
       "      <td>0.160412</td>\n",
       "      <td>0.038462</td>\n",
       "      <td>-0.069855</td>\n",
       "      <td>-0.033859</td>\n",
       "      <td>-0.315468</td>\n",
       "      <td>0.232045</td>\n",
       "      <td>1.000000</td>\n",
       "      <td>-0.564095</td>\n",
       "      <td>0.220715</td>\n",
       "      <td>0.143848</td>\n",
       "    </tr>\n",
       "    <tr>\n",
       "      <th>slope</th>\n",
       "      <td>-0.172787</td>\n",
       "      <td>-0.017185</td>\n",
       "      <td>0.063440</td>\n",
       "      <td>-0.108051</td>\n",
       "      <td>-0.011145</td>\n",
       "      <td>-0.080327</td>\n",
       "      <td>0.080450</td>\n",
       "      <td>0.393367</td>\n",
       "      <td>-0.225611</td>\n",
       "      <td>-0.564095</td>\n",
       "      <td>1.000000</td>\n",
       "      <td>-0.095641</td>\n",
       "      <td>-0.071498</td>\n",
       "    </tr>\n",
       "    <tr>\n",
       "      <th>ca</th>\n",
       "      <td>0.281876</td>\n",
       "      <td>0.122036</td>\n",
       "      <td>-0.199414</td>\n",
       "      <td>0.077402</td>\n",
       "      <td>0.094042</td>\n",
       "      <td>0.124839</td>\n",
       "      <td>-0.101146</td>\n",
       "      <td>-0.231885</td>\n",
       "      <td>0.112578</td>\n",
       "      <td>0.220715</td>\n",
       "      <td>-0.095641</td>\n",
       "      <td>1.000000</td>\n",
       "      <td>0.121482</td>\n",
       "    </tr>\n",
       "    <tr>\n",
       "      <th>thal</th>\n",
       "      <td>0.022636</td>\n",
       "      <td>0.187901</td>\n",
       "      <td>-0.134143</td>\n",
       "      <td>0.008513</td>\n",
       "      <td>0.089002</td>\n",
       "      <td>-0.094289</td>\n",
       "      <td>0.019316</td>\n",
       "      <td>-0.077078</td>\n",
       "      <td>0.178249</td>\n",
       "      <td>0.143848</td>\n",
       "      <td>-0.071498</td>\n",
       "      <td>0.121482</td>\n",
       "      <td>1.000000</td>\n",
       "    </tr>\n",
       "  </tbody>\n",
       "</table>\n",
       "</div>"
      ],
      "text/plain": [
       "               age       sex        cp  trestbps      chol       fbs  \\\n",
       "age       1.000000 -0.090735 -0.048231  0.259415  0.223702  0.114791   \n",
       "sex      -0.090735  1.000000 -0.043990 -0.045832 -0.160064  0.126693   \n",
       "cp       -0.048231 -0.043990  1.000000  0.061022 -0.031860  0.131260   \n",
       "trestbps  0.259415 -0.045832  0.061022  1.000000  0.110006  0.135483   \n",
       "chol      0.223702 -0.160064 -0.031860  0.110006  1.000000 -0.006783   \n",
       "fbs       0.114791  0.126693  0.131260  0.135483 -0.006783  1.000000   \n",
       "restecg  -0.190592 -0.054216  0.069756 -0.124200 -0.167585 -0.111671   \n",
       "thalach  -0.385695 -0.066805  0.269898 -0.029285  0.008525  0.016828   \n",
       "exang     0.120007  0.150150 -0.353650  0.078076  0.041301 -0.006125   \n",
       "oldpeak   0.201417  0.076184 -0.074369  0.160412  0.038462 -0.069855   \n",
       "slope    -0.172787 -0.017185  0.063440 -0.108051 -0.011145 -0.080327   \n",
       "ca        0.281876  0.122036 -0.199414  0.077402  0.094042  0.124839   \n",
       "thal      0.022636  0.187901 -0.134143  0.008513  0.089002 -0.094289   \n",
       "\n",
       "           restecg   thalach     exang   oldpeak     slope        ca      thal  \n",
       "age      -0.190592 -0.385695  0.120007  0.201417 -0.172787  0.281876  0.022636  \n",
       "sex      -0.054216 -0.066805  0.150150  0.076184 -0.017185  0.122036  0.187901  \n",
       "cp        0.069756  0.269898 -0.353650 -0.074369  0.063440 -0.199414 -0.134143  \n",
       "trestbps -0.124200 -0.029285  0.078076  0.160412 -0.108051  0.077402  0.008513  \n",
       "chol     -0.167585  0.008525  0.041301  0.038462 -0.011145  0.094042  0.089002  \n",
       "fbs      -0.111671  0.016828 -0.006125 -0.069855 -0.080327  0.124839 -0.094289  \n",
       "restecg   1.000000  0.094328 -0.043106 -0.033859  0.080450 -0.101146  0.019316  \n",
       "thalach   0.094328  1.000000 -0.391052 -0.315468  0.393367 -0.231885 -0.077078  \n",
       "exang    -0.043106 -0.391052  1.000000  0.232045 -0.225611  0.112578  0.178249  \n",
       "oldpeak  -0.033859 -0.315468  0.232045  1.000000 -0.564095  0.220715  0.143848  \n",
       "slope     0.080450  0.393367 -0.225611 -0.564095  1.000000 -0.095641 -0.071498  \n",
       "ca       -0.101146 -0.231885  0.112578  0.220715 -0.095641  1.000000  0.121482  \n",
       "thal      0.019316 -0.077078  0.178249  0.143848 -0.071498  0.121482  1.000000  "
      ]
     },
     "execution_count": 8,
     "metadata": {},
     "output_type": "execute_result"
    }
   ],
   "source": [
    "train.corr()\n",
    "# Thalach - age 42%\n",
    "# Exang - Cp 43%\n",
    "# Thalach - Slope 3&%\n",
    "# Slope - Oldpeak 47%"
   ]
  },
  {
   "cell_type": "code",
   "execution_count": 3,
   "metadata": {},
   "outputs": [],
   "source": [
    "def accuracy(df, answer):\n",
    "    acc = (df == answer).value_counts()[True]\n",
    "    acc = int(acc) / len(df)\n",
    "    return acc"
   ]
  },
  {
   "cell_type": "code",
   "execution_count": 4,
   "metadata": {},
   "outputs": [],
   "source": [
    "## Finding the best k for knn here\n",
    "max_acc = 0\n",
    "best_k = 0\n",
    "best_pred = None\n",
    "for k in range(2, len(train) - 1):\n",
    "    knn = KNeighborsClassifier(n_neighbors=k)\n",
    "    knn.fit(train, train_y)\n",
    "    pred = knn.predict(test)\n",
    "    acc = accuracy(pred, test_y)\n",
    "    if acc > max_acc:\n",
    "        max_acc = acc\n",
    "        best_pred = pred\n",
    "        best_k = k"
   ]
  },
  {
   "cell_type": "code",
   "execution_count": 5,
   "metadata": {},
   "outputs": [
    {
     "name": "stdout",
     "output_type": "stream",
     "text": [
      "Best possible neighbors found for this dataset is %s 5\n",
      "Accuracy for this knn with 5 neighbors is 0.7704918032786885\n"
     ]
    }
   ],
   "source": [
    "print(\"Best possible neighbors found for this dataset is %s\", best_k)\n",
    "print(\"Accuracy for this knn with %s neighbors is %s\" % (best_k, max_acc))"
   ]
  },
  {
   "cell_type": "code",
   "execution_count": 6,
   "metadata": {},
   "outputs": [
    {
     "data": {
      "text/plain": [
       "MultinomialNB()"
      ]
     },
     "execution_count": 6,
     "metadata": {},
     "output_type": "execute_result"
    }
   ],
   "source": [
    "mnb = MultinomialNB()\n",
    "mnb.fit(train, train_y)"
   ]
  },
  {
   "cell_type": "code",
   "execution_count": 7,
   "metadata": {},
   "outputs": [
    {
     "name": "stdout",
     "output_type": "stream",
     "text": [
      "Accuracy for Naive Bayes is 0.8032786885245902\n"
     ]
    }
   ],
   "source": [
    "nb_prediction = mnb.predict(test)\n",
    "print(\"Accuracy for Naive Bayes is %s\" % accuracy(nb_prediction, test_y))"
   ]
  }
 ],
 "metadata": {
  "kernelspec": {
   "display_name": "Python 3",
   "language": "python",
   "name": "python3"
  },
  "language_info": {
   "codemirror_mode": {
    "name": "ipython",
    "version": 3
   },
   "file_extension": ".py",
   "mimetype": "text/x-python",
   "name": "python",
   "nbconvert_exporter": "python",
   "pygments_lexer": "ipython3",
   "version": "3.8.6"
  }
 },
 "nbformat": 4,
 "nbformat_minor": 4
}
