{
 "cells": [
  {
   "cell_type": "code",
   "execution_count": 32,
   "metadata": {},
   "outputs": [],
   "source": [
    "import pandas as pd\n",
    "import numpy as np\n",
    "from sklearn.model_selection import train_test_split\n",
    "from sklearn.naive_bayes import MultinomialNB\n",
    "from sklearn.neighbors import KNeighborsClassifier\n",
    "from sklearn.decomposition import PCA"
   ]
  },
  {
   "cell_type": "code",
   "execution_count": 33,
   "metadata": {},
   "outputs": [],
   "source": [
    "df = pd.read_csv(\"heart/input/heart.csv\")\n",
    "N = len(df)\n",
    "train, test = train_test_split(df, test_size=0.2)\n",
    "\n",
    "test_y = test.pop(\"target\")\n",
    "train_y = train.pop(\"target\")"
   ]
  },
  {
   "cell_type": "code",
   "execution_count": 34,
   "metadata": {},
   "outputs": [
    {
     "data": {
      "text/html": [
       "<div>\n",
       "<style scoped>\n",
       "    .dataframe tbody tr th:only-of-type {\n",
       "        vertical-align: middle;\n",
       "    }\n",
       "\n",
       "    .dataframe tbody tr th {\n",
       "        vertical-align: top;\n",
       "    }\n",
       "\n",
       "    .dataframe thead th {\n",
       "        text-align: right;\n",
       "    }\n",
       "</style>\n",
       "<table border=\"1\" class=\"dataframe\">\n",
       "  <thead>\n",
       "    <tr style=\"text-align: right;\">\n",
       "      <th></th>\n",
       "      <th>age</th>\n",
       "      <th>sex</th>\n",
       "      <th>cp</th>\n",
       "      <th>trestbps</th>\n",
       "      <th>chol</th>\n",
       "      <th>fbs</th>\n",
       "      <th>restecg</th>\n",
       "      <th>thalach</th>\n",
       "      <th>exang</th>\n",
       "      <th>oldpeak</th>\n",
       "      <th>slope</th>\n",
       "      <th>ca</th>\n",
       "      <th>thal</th>\n",
       "    </tr>\n",
       "  </thead>\n",
       "  <tbody>\n",
       "    <tr>\n",
       "      <th>age</th>\n",
       "      <td>1.000000</td>\n",
       "      <td>-0.058986</td>\n",
       "      <td>-0.038695</td>\n",
       "      <td>0.285581</td>\n",
       "      <td>0.244186</td>\n",
       "      <td>0.108919</td>\n",
       "      <td>-0.183403</td>\n",
       "      <td>-0.400977</td>\n",
       "      <td>0.116334</td>\n",
       "      <td>0.197091</td>\n",
       "      <td>-0.178678</td>\n",
       "      <td>0.267175</td>\n",
       "      <td>0.033767</td>\n",
       "    </tr>\n",
       "    <tr>\n",
       "      <th>sex</th>\n",
       "      <td>-0.058986</td>\n",
       "      <td>1.000000</td>\n",
       "      <td>-0.055855</td>\n",
       "      <td>-0.029812</td>\n",
       "      <td>-0.203675</td>\n",
       "      <td>0.057284</td>\n",
       "      <td>-0.079817</td>\n",
       "      <td>-0.074126</td>\n",
       "      <td>0.167705</td>\n",
       "      <td>0.114861</td>\n",
       "      <td>-0.074504</td>\n",
       "      <td>0.131239</td>\n",
       "      <td>0.276350</td>\n",
       "    </tr>\n",
       "    <tr>\n",
       "      <th>cp</th>\n",
       "      <td>-0.038695</td>\n",
       "      <td>-0.055855</td>\n",
       "      <td>1.000000</td>\n",
       "      <td>0.090457</td>\n",
       "      <td>-0.046468</td>\n",
       "      <td>0.160927</td>\n",
       "      <td>0.022358</td>\n",
       "      <td>0.335695</td>\n",
       "      <td>-0.409107</td>\n",
       "      <td>-0.151865</td>\n",
       "      <td>0.103552</td>\n",
       "      <td>-0.209036</td>\n",
       "      <td>-0.188283</td>\n",
       "    </tr>\n",
       "    <tr>\n",
       "      <th>trestbps</th>\n",
       "      <td>0.285581</td>\n",
       "      <td>-0.029812</td>\n",
       "      <td>0.090457</td>\n",
       "      <td>1.000000</td>\n",
       "      <td>0.118731</td>\n",
       "      <td>0.145320</td>\n",
       "      <td>-0.101285</td>\n",
       "      <td>-0.047666</td>\n",
       "      <td>0.052653</td>\n",
       "      <td>0.218679</td>\n",
       "      <td>-0.120385</td>\n",
       "      <td>0.064844</td>\n",
       "      <td>0.045997</td>\n",
       "    </tr>\n",
       "    <tr>\n",
       "      <th>chol</th>\n",
       "      <td>0.244186</td>\n",
       "      <td>-0.203675</td>\n",
       "      <td>-0.046468</td>\n",
       "      <td>0.118731</td>\n",
       "      <td>1.000000</td>\n",
       "      <td>0.009661</td>\n",
       "      <td>-0.175097</td>\n",
       "      <td>-0.023339</td>\n",
       "      <td>0.026439</td>\n",
       "      <td>0.027769</td>\n",
       "      <td>0.006831</td>\n",
       "      <td>0.020342</td>\n",
       "      <td>0.059169</td>\n",
       "    </tr>\n",
       "    <tr>\n",
       "      <th>fbs</th>\n",
       "      <td>0.108919</td>\n",
       "      <td>0.057284</td>\n",
       "      <td>0.160927</td>\n",
       "      <td>0.145320</td>\n",
       "      <td>0.009661</td>\n",
       "      <td>1.000000</td>\n",
       "      <td>-0.092401</td>\n",
       "      <td>0.047548</td>\n",
       "      <td>0.001618</td>\n",
       "      <td>-0.048743</td>\n",
       "      <td>-0.040639</td>\n",
       "      <td>0.106994</td>\n",
       "      <td>-0.028101</td>\n",
       "    </tr>\n",
       "    <tr>\n",
       "      <th>restecg</th>\n",
       "      <td>-0.183403</td>\n",
       "      <td>-0.079817</td>\n",
       "      <td>0.022358</td>\n",
       "      <td>-0.101285</td>\n",
       "      <td>-0.175097</td>\n",
       "      <td>-0.092401</td>\n",
       "      <td>1.000000</td>\n",
       "      <td>0.075067</td>\n",
       "      <td>-0.008720</td>\n",
       "      <td>-0.079990</td>\n",
       "      <td>0.130368</td>\n",
       "      <td>-0.109878</td>\n",
       "      <td>0.067003</td>\n",
       "    </tr>\n",
       "    <tr>\n",
       "      <th>thalach</th>\n",
       "      <td>-0.400977</td>\n",
       "      <td>-0.074126</td>\n",
       "      <td>0.335695</td>\n",
       "      <td>-0.047666</td>\n",
       "      <td>-0.023339</td>\n",
       "      <td>0.047548</td>\n",
       "      <td>0.075067</td>\n",
       "      <td>1.000000</td>\n",
       "      <td>-0.423807</td>\n",
       "      <td>-0.336522</td>\n",
       "      <td>0.385947</td>\n",
       "      <td>-0.188487</td>\n",
       "      <td>-0.102418</td>\n",
       "    </tr>\n",
       "    <tr>\n",
       "      <th>exang</th>\n",
       "      <td>0.116334</td>\n",
       "      <td>0.167705</td>\n",
       "      <td>-0.409107</td>\n",
       "      <td>0.052653</td>\n",
       "      <td>0.026439</td>\n",
       "      <td>0.001618</td>\n",
       "      <td>-0.008720</td>\n",
       "      <td>-0.423807</td>\n",
       "      <td>1.000000</td>\n",
       "      <td>0.318952</td>\n",
       "      <td>-0.263575</td>\n",
       "      <td>0.149904</td>\n",
       "      <td>0.219552</td>\n",
       "    </tr>\n",
       "    <tr>\n",
       "      <th>oldpeak</th>\n",
       "      <td>0.197091</td>\n",
       "      <td>0.114861</td>\n",
       "      <td>-0.151865</td>\n",
       "      <td>0.218679</td>\n",
       "      <td>0.027769</td>\n",
       "      <td>-0.048743</td>\n",
       "      <td>-0.079990</td>\n",
       "      <td>-0.336522</td>\n",
       "      <td>0.318952</td>\n",
       "      <td>1.000000</td>\n",
       "      <td>-0.565882</td>\n",
       "      <td>0.186282</td>\n",
       "      <td>0.200834</td>\n",
       "    </tr>\n",
       "    <tr>\n",
       "      <th>slope</th>\n",
       "      <td>-0.178678</td>\n",
       "      <td>-0.074504</td>\n",
       "      <td>0.103552</td>\n",
       "      <td>-0.120385</td>\n",
       "      <td>0.006831</td>\n",
       "      <td>-0.040639</td>\n",
       "      <td>0.130368</td>\n",
       "      <td>0.385947</td>\n",
       "      <td>-0.263575</td>\n",
       "      <td>-0.565882</td>\n",
       "      <td>1.000000</td>\n",
       "      <td>-0.075227</td>\n",
       "      <td>-0.125027</td>\n",
       "    </tr>\n",
       "    <tr>\n",
       "      <th>ca</th>\n",
       "      <td>0.267175</td>\n",
       "      <td>0.131239</td>\n",
       "      <td>-0.209036</td>\n",
       "      <td>0.064844</td>\n",
       "      <td>0.020342</td>\n",
       "      <td>0.106994</td>\n",
       "      <td>-0.109878</td>\n",
       "      <td>-0.188487</td>\n",
       "      <td>0.149904</td>\n",
       "      <td>0.186282</td>\n",
       "      <td>-0.075227</td>\n",
       "      <td>1.000000</td>\n",
       "      <td>0.184331</td>\n",
       "    </tr>\n",
       "    <tr>\n",
       "      <th>thal</th>\n",
       "      <td>0.033767</td>\n",
       "      <td>0.276350</td>\n",
       "      <td>-0.188283</td>\n",
       "      <td>0.045997</td>\n",
       "      <td>0.059169</td>\n",
       "      <td>-0.028101</td>\n",
       "      <td>0.067003</td>\n",
       "      <td>-0.102418</td>\n",
       "      <td>0.219552</td>\n",
       "      <td>0.200834</td>\n",
       "      <td>-0.125027</td>\n",
       "      <td>0.184331</td>\n",
       "      <td>1.000000</td>\n",
       "    </tr>\n",
       "  </tbody>\n",
       "</table>\n",
       "</div>"
      ],
      "text/plain": [
       "               age       sex        cp  trestbps      chol       fbs  \\\n",
       "age       1.000000 -0.058986 -0.038695  0.285581  0.244186  0.108919   \n",
       "sex      -0.058986  1.000000 -0.055855 -0.029812 -0.203675  0.057284   \n",
       "cp       -0.038695 -0.055855  1.000000  0.090457 -0.046468  0.160927   \n",
       "trestbps  0.285581 -0.029812  0.090457  1.000000  0.118731  0.145320   \n",
       "chol      0.244186 -0.203675 -0.046468  0.118731  1.000000  0.009661   \n",
       "fbs       0.108919  0.057284  0.160927  0.145320  0.009661  1.000000   \n",
       "restecg  -0.183403 -0.079817  0.022358 -0.101285 -0.175097 -0.092401   \n",
       "thalach  -0.400977 -0.074126  0.335695 -0.047666 -0.023339  0.047548   \n",
       "exang     0.116334  0.167705 -0.409107  0.052653  0.026439  0.001618   \n",
       "oldpeak   0.197091  0.114861 -0.151865  0.218679  0.027769 -0.048743   \n",
       "slope    -0.178678 -0.074504  0.103552 -0.120385  0.006831 -0.040639   \n",
       "ca        0.267175  0.131239 -0.209036  0.064844  0.020342  0.106994   \n",
       "thal      0.033767  0.276350 -0.188283  0.045997  0.059169 -0.028101   \n",
       "\n",
       "           restecg   thalach     exang   oldpeak     slope        ca      thal  \n",
       "age      -0.183403 -0.400977  0.116334  0.197091 -0.178678  0.267175  0.033767  \n",
       "sex      -0.079817 -0.074126  0.167705  0.114861 -0.074504  0.131239  0.276350  \n",
       "cp        0.022358  0.335695 -0.409107 -0.151865  0.103552 -0.209036 -0.188283  \n",
       "trestbps -0.101285 -0.047666  0.052653  0.218679 -0.120385  0.064844  0.045997  \n",
       "chol     -0.175097 -0.023339  0.026439  0.027769  0.006831  0.020342  0.059169  \n",
       "fbs      -0.092401  0.047548  0.001618 -0.048743 -0.040639  0.106994 -0.028101  \n",
       "restecg   1.000000  0.075067 -0.008720 -0.079990  0.130368 -0.109878  0.067003  \n",
       "thalach   0.075067  1.000000 -0.423807 -0.336522  0.385947 -0.188487 -0.102418  \n",
       "exang    -0.008720 -0.423807  1.000000  0.318952 -0.263575  0.149904  0.219552  \n",
       "oldpeak  -0.079990 -0.336522  0.318952  1.000000 -0.565882  0.186282  0.200834  \n",
       "slope     0.130368  0.385947 -0.263575 -0.565882  1.000000 -0.075227 -0.125027  \n",
       "ca       -0.109878 -0.188487  0.149904  0.186282 -0.075227  1.000000  0.184331  \n",
       "thal      0.067003 -0.102418  0.219552  0.200834 -0.125027  0.184331  1.000000  "
      ]
     },
     "execution_count": 34,
     "metadata": {},
     "output_type": "execute_result"
    }
   ],
   "source": [
    "train.corr()\n",
    "# Thalach - age 42%\n",
    "# Exang - Cp 43%\n",
    "# Thalach - Slope 3&%\n",
    "# Slope - Oldpeak 47%"
   ]
  },
  {
   "cell_type": "code",
   "execution_count": 35,
   "metadata": {},
   "outputs": [],
   "source": [
    "def accuracy(df, answer):\n",
    "    acc = (df == answer).value_counts()[True]\n",
    "    acc = int(acc) / len(df)\n",
    "    return acc"
   ]
  },
  {
   "cell_type": "code",
   "execution_count": 36,
   "metadata": {},
   "outputs": [],
   "source": [
    "## Finding the best k for knn here\n",
    "max_acc = 0\n",
    "best_k = 0\n",
    "best_pred = None\n",
    "for k in range(2, len(train) - 1):\n",
    "    knn = KNeighborsClassifier(n_neighbors=k)\n",
    "    knn.fit(train, train_y)\n",
    "    pred = knn.predict(test)\n",
    "    acc = accuracy(pred, test_y)\n",
    "    if acc > max_acc:\n",
    "        max_acc = acc\n",
    "        best_pred = pred\n",
    "        best_k = k"
   ]
  },
  {
   "cell_type": "code",
   "execution_count": 37,
   "metadata": {},
   "outputs": [
    {
     "name": "stdout",
     "output_type": "stream",
     "text": [
      "Best possible neighbors found for this dataset is %s 127\n",
      "Accuracy for this knn with 127 neighbors is 0.7704918032786885\n"
     ]
    }
   ],
   "source": [
    "print(\"Best possible neighbors found for this dataset is %s\", best_k)\n",
    "print(\"Accuracy for this knn with %s neighbors is %s\" % (best_k, max_acc))"
   ]
  },
  {
   "cell_type": "code",
   "execution_count": null,
   "metadata": {},
   "outputs": [],
   "source": [
    "mnb = MultinomialNB()\n",
    "mnb.fit(train, train_y)"
   ]
  },
  {
   "cell_type": "code",
   "execution_count": null,
   "metadata": {},
   "outputs": [],
   "source": [
    "nb_prediction = mnb.predict(test)\n",
    "print(\"Accuracy for Naive Bayes is %s\" % accuracy(nb_prediction, test_y))"
   ]
  }
 ],
 "metadata": {
  "kernelspec": {
   "display_name": "Python 3",
   "language": "python",
   "name": "python3"
  },
  "language_info": {
   "codemirror_mode": {
    "name": "ipython",
    "version": 3
   },
   "file_extension": ".py",
   "mimetype": "text/x-python",
   "name": "python",
   "nbconvert_exporter": "python",
   "pygments_lexer": "ipython3",
   "version": "3.8.6"
  }
 },
 "nbformat": 4,
 "nbformat_minor": 4
}
